(0.01,)
(0.01038,)
(0.128,)
(0.25,)
(0.3,)
(0.3,)
(0.01,)
(10000,)
7193.145544
1182
36811
771
(104.16666666666667,)
(283,)
0.0283
9737
167
(0.3,)
0 , 1249
1 , 1014
2 , 1048
3 , 1008
4 , 1064
5 , 1098
6 , 1020
7 , 904
8 , 778
9 , 574
10 , 404
11 , 307
12 , 199
13 , 182
14 , 139
15 , 137
16 , 113
17 , 126
18 , 112
19 , 108
20 , 111
21 , 98
22 , 113
23 , 112
24 , 104
25 , 130
26 , 106
27 , 89
28 , 118
29 , 106
30 , 100
31 , 99
32 , 100
33 , 115
34 , 110
35 , 125
36 , 122
37 , 107
38 , 96
39 , 120
40 , 103
41 , 101
42 , 106
43 , 132
44 , 122
45 , 112
46 , 115
47 , 126
48 , 144
49 , 111
50 , 116
51 , 111
52 , 112
53 , 110
54 , 132
55 , 120
56 , 96
57 , 105
58 , 100
59 , 112
60 , 149
61 , 119
62 , 107
63 , 113
64 , 109
65 , 97
66 , 116
67 , 98
68 , 105
69 , 101
70 , 116
71 , 104
72 , 100
73 , 122
74 , 115
75 , 105
76 , 129
77 , 103
78 , 91
79 , 99
80 , 106
81 , 108
82 , 99
83 , 102
84 , 95
85 , 117
86 , 123
87 , 119
88 , 102
89 , 93
90 , 102
91 , 94
92 , 107
93 , 93
94 , 103
95 , 108
96 , 110
97 , 98
98 , 81
99 , 113
100 , 99
101 , 98
102 , 92
103 , 119
104 , 102
105 , 94
106 , 105
107 , 107
108 , 110
109 , 110
110 , 106
111 , 96
112 , 90
113 , 110
114 , 123
115 , 86
116 , 107
117 , 98
118 , 73
119 , 97
120 , 111
121 , 84
122 , 98
123 , 84
124 , 82
125 , 94
126 , 77
127 , 79
128 , 69
129 , 83
130 , 95
131 , 98
132 , 83
133 , 90
134 , 86
135 , 93
136 , 70
137 , 90
138 , 79
139 , 83
140 , 84
141 , 90
142 , 76
143 , 89
144 , 88
145 , 86
146 , 76
147 , 88
148 , 70
149 , 73
150 , 84
151 , 76
152 , 76
153 , 83
154 , 73
155 , 68
156 , 78
157 , 81
158 , 60
159 , 76
160 , 54
161 , 85
162 , 89
163 , 66
164 , 85
165 , 74
166 , 66
167 , 79
168 , 62
169 , 76
170 , 83
171 , 77
172 , 79
173 , 81
174 , 88
175 , 76
176 , 80
177 , 71
178 , 72
179 , 62
180 , 65
181 , 88
182 , 83
183 , 69
184 , 66
185 , 57
186 , 65
187 , 68
188 , 67
189 , 76
190 , 51
191 , 53
192 , 56
193 , 61
194 , 58
195 , 60
196 , 70
197 , 61
198 , 70
199 , 60
200 , 48
201 , 59
202 , 57
203 , 70
204 , 53
205 , 62
206 , 62
207 , 57
208 , 55
209 , 49
210 , 41
211 , 51
212 , 55
213 , 42
214 , 62
215 , 52
216 , 49
217 , 58
218 , 45
219 , 49
220 , 56
221 , 59
222 , 57
223 , 61
224 , 53
225 , 40
226 , 52
227 , 32
228 , 41
229 , 53
230 , 41
231 , 51
232 , 49
233 , 53
234 , 48
235 , 55
236 , 52
237 , 45
238 , 61
239 , 47
240 , 50
241 , 43
242 , 47
243 , 42
244 , 50
245 , 46
246 , 50
247 , 42
248 , 45
249 , 43
250 , 56
251 , 50
252 , 50
253 , 44
254 , 43
255 , 47
256 , 51
257 , 40
258 , 58
259 , 39
260 , 33
261 , 28
262 , 64
263 , 38
264 , 40
265 , 36
266 , 44
267 , 46
268 , 38
269 , 41
270 , 33
271 , 32
272 , 48
273 , 32
274 , 42
275 , 43
276 , 39
277 , 30
278 , 30
279 , 39
280 , 28
281 , 28
282 , 31
283 , 37
284 , 31
285 , 30
286 , 34
287 , 43
288 , 26
289 , 38
290 , 33
291 , 45
292 , 29
293 , 33
294 , 36
295 , 39
296 , 27
297 , 28
298 , 39
299 , 23
300 , 25
301 , 20
302 , 22
303 , 24
304 , 36
305 , 39
306 , 29
307 , 26
308 , 30
309 , 37
310 , 36
311 , 32
312 , 22
313 , 24
314 , 30
315 , 37
316 , 37
317 , 24
318 , 38
319 , 42
320 , 29
321 , 17
322 , 19
323 , 33
324 , 35
325 , 15
326 , 20
327 , 27
328 , 20
329 , 24
330 , 23
331 , 19
332 , 23
333 , 24
334 , 22
335 , 11
336 , 26
337 , 31
338 , 33
339 , 25
340 , 26
341 , 16
342 , 17
343 , 20
344 , 22
345 , 31
346 , 22
347 , 19
348 , 17
349 , 19
350 , 13
351 , 22
352 , 20
353 , 30
354 , 22
355 , 18
356 , 15
357 , 12
358 , 13
359 , 12
360 , 31
361 , 14
362 , 19
363 , 17
364 , 14
365 , 14
366 , 23
367 , 20
368 , 18
369 , 14
370 , 28
371 , 23
372 , 18
373 , 19
374 , 19
375 , 16
376 , 11
377 , 18
378 , 17
379 , 20
380 , 13
381 , 17
382 , 18
383 , 16
384 , 12
385 , 18
386 , 11
387 , 20
388 , 16
389 , 13
390 , 20
391 , 16
392 , 16
393 , 24
394 , 12
395 , 14
396 , 20
397 , 9
398 , 15
399 , 15
400 , 18
401 , 18
402 , 15
403 , 19
404 , 16
405 , 10
406 , 12
407 , 16
408 , 14
409 , 8
410 , 11
411 , 11
412 , 13
413 , 6
414 , 7
415 , 10
416 , 17
417 , 11
418 , 13
419 , 12
420 , 6
421 , 9
422 , 9
423 , 12
424 , 16
425 , 9
426 , 14
427 , 12
428 , 11
429 , 16
430 , 11
431 , 5
432 , 14
433 , 16
434 , 7
435 , 7
436 , 8
437 , 9
438 , 14
439 , 10
440 , 3
441 , 17
442 , 13
443 , 7
444 , 11
445 , 9
446 , 8
447 , 14
448 , 17
449 , 8
450 , 6
451 , 10
452 , 11
453 , 5
454 , 5
455 , 13
456 , 11
457 , 10
458 , 4
459 , 8
460 , 9
461 , 6
462 , 4
463 , 17
464 , 11
465 , 8
466 , 6
467 , 10
468 , 9
469 , 10
470 , 7
471 , 8
472 , 10
473 , 7
474 , 11
475 , 8
476 , 10
477 , 8
478 , 9
479 , 14
480 , 9
481 , 8
482 , 12
483 , 7
484 , 5
485 , 8
486 , 7
487 , 10
488 , 7
489 , 7
490 , 10
491 , 4
492 , 6
493 , 10
494 , 3
495 , 7
496 , 8
497 , 10
498 , 6
499 , 6
500 , 3
501 , 4
502 , 3
503 , 10
504 , 4
505 , 7
506 , 3
507 , 3
508 , 5
509 , 4
510 , 5
511 , 6
512 , 3
513 , 3
514 , 2
515 , 6
516 , 3
517 , 4
518 , 7
519 , 4
520 , 5
521 , 9
522 , 10
523 , 6
524 , 10
525 , 5
526 , 5
527 , 2
528 , 2
529 , 2
530 , 4
531 , 7
533 , 4
534 , 2
535 , 8
536 , 2
537 , 6
538 , 5
539 , 10
540 , 3
541 , 4
542 , 2
544 , 4
545 , 3
546 , 3
547 , 4
548 , 3
549 , 7
550 , 7
551 , 4
552 , 2
553 , 2
554 , 8
555 , 3
556 , 6
557 , 1
558 , 2
559 , 2
560 , 6
561 , 3
562 , 3
563 , 1
564 , 4
565 , 4
566 , 5
567 , 7
568 , 9
569 , 7
570 , 3
571 , 5
573 , 7
574 , 2
575 , 5
576 , 1
577 , 7
578 , 3
579 , 8
580 , 1
581 , 7
582 , 3
583 , 5
584 , 1
585 , 1
586 , 3
587 , 2
588 , 2
589 , 4
590 , 3
591 , 6
592 , 2
593 , 1
594 , 1
595 , 4
596 , 3
598 , 3
599 , 4
600 , 1
601 , 4
602 , 4
603 , 6
604 , 7
605 , 6
607 , 3
608 , 7
609 , 2
610 , 3
611 , 6
613 , 5
614 , 2
615 , 1
616 , 1
617 , 4
618 , 2
619 , 5
620 , 4
621 , 2
622 , 2
623 , 3
624 , 1
625 , 2
626 , 1
628 , 1
629 , 1
630 , 2
632 , 1
633 , 1
634 , 1
635 , 5
636 , 2
637 , 1
638 , 2
639 , 3
640 , 2
641 , 4
642 , 1
643 , 4
644 , 1
645 , 6
647 , 6
648 , 4
649 , 3
650 , 2
656 , 1
659 , 2
660 , 2
662 , 5
663 , 2
664 , 2
665 , 3
666 , 2
667 , 2
668 , 2
669 , 2
670 , 1
671 , 1
673 , 1
674 , 1
675 , 3
677 , 2
678 , 6
679 , 1
680 , 2
681 , 5
683 , 1
685 , 2
686 , 2
689 , 2
690 , 8
691 , 1
692 , 1
693 , 1
694 , 1
695 , 1
696 , 1
697 , 2
699 , 2
700 , 1
701 , 3
702 , 1
703 , 1
704 , 2
705 , 2
706 , 2
707 , 2
708 , 1
709 , 3
710 , 3
711 , 3
713 , 1
714 , 1
715 , 2
718 , 3
719 , 1
720 , 1
721 , 1
722 , 1
723 , 1
724 , 3
725 , 1
726 , 1
728 , 2
729 , 1
731 , 1
732 , 2
735 , 1
737 , 1
742 , 1
745 , 1
746 , 1
747 , 1
748 , 1
749 , 1
750 , 1
755 , 1
758 , 2
759 , 2
760 , 2
764 , 1
765 , 1
769 , 2
770 , 1
771 , 2
772 , 2
773 , 2
775 , 1
780 , 1
791 , 1
793 , 1
795 , 1
798 , 1
802 , 1
806 , 1
807 , 1
810 , 2
811 , 2
819 , 1
820 , 1
822 , 1
825 , 2
829 , 1
831 , 1
833 , 1
839 , 1
841 , 2
842 , 1
845 , 1
847 , 3
850 , 1
863 , 1
876 , 1
880 , 1
894 , 2
897 , 1
898 , 1
901 , 1
904 , 1
928 , 2
932 , 1
935 , 1
948 , 1
950 , 1
966 , 1
972 , 1
990 , 1
992 , 1
998 , 1
1002 , 1
1020 , 2
1083 , 1
1085 , 1
1182 , 1
8667
104 , 0 0 104 0 0